0.000735	0.999714
0.001709	0.998492
0.002684	0.996295
0.003656	0.993125
0.004624	0.988984
0.005588	0.983878
0.006547	0.977809
0.007499	0.970786
0.008444	0.962814
0.009380	0.953901
0.010308	0.944056
0.011225	0.933289
0.012131	0.921609
0.013026	0.909030
0.013908	0.895562
0.014776	0.881219
0.015630	0.866015
0.016468	0.849965
0.017290	0.833084
0.018096	0.815389
0.018884	0.796898
0.019653	0.777628
0.020403	0.757598
0.021133	0.736828
0.021843	0.715338
0.022531	0.693149
0.023197	0.670283
0.023841	0.646762
0.024461	0.622609
0.025058	0.597847
0.025629	0.572502
0.026176	0.546597
0.026697	0.520158
0.027193	0.493211
0.027661	0.465782
0.028103	0.437897
0.028517	0.409585
0.028903	0.380873
0.029261	0.351789
0.029590	0.322360
0.029891	0.292617
0.030162	0.262588
0.030404	0.232302
0.030616	0.201790
0.030798	0.171080
0.030950	0.140203
0.031072	0.109189
0.031164	0.078069
0.031225	0.046872
0.031255	0.015629
0.031255	-0.015629
0.031225	-0.046872
0.031164	-0.078069
0.031072	-0.109189
0.030950	-0.140203
0.030798	-0.171080
0.030616	-0.201790
0.030404	-0.232302
0.030162	-0.262588
0.029891	-0.292617
0.029590	-0.322360
0.029261	-0.351789
0.028903	-0.380873
0.028517	-0.409585
0.028103	-0.437897
0.027661	-0.465782
0.027193	-0.493211
0.026697	-0.520158
0.026176	-0.546597
0.025629	-0.572502
0.025058	-0.597847
0.024461	-0.622609
0.023841	-0.646762
0.023197	-0.670283
0.022531	-0.693149
0.021843	-0.715338
0.021133	-0.736828
0.020403	-0.757598
0.019653	-0.777628
0.018884	-0.796898
0.018096	-0.815389
0.017290	-0.833084
0.016468	-0.849965
0.015630	-0.866015
0.014776	-0.881219
0.013908	-0.895562
0.013026	-0.909030
0.012131	-0.921609
0.011225	-0.933289
0.010308	-0.944056
0.009380	-0.953901
0.008444	-0.962814
0.007499	-0.970786
0.006547	-0.977809
0.005588	-0.983878
0.004624	-0.988984
0.003656	-0.993125
0.002684	-0.996295
0.001709	-0.998492
0.000735	-0.999714
