0.000185	0.999928
0.000430	0.999621
0.000675	0.999069
0.000920	0.998271
0.001165	0.997229
0.001410	0.995941
0.001654	0.994409
0.001898	0.992633
0.002141	0.990613
0.002384	0.988350
0.002627	0.985845
0.002868	0.983097
0.003109	0.980108
0.003350	0.976878
0.003589	0.973409
0.003828	0.969700
0.004065	0.965754
0.004302	0.961570
0.004537	0.957150
0.004772	0.952496
0.005005	0.947607
0.005237	0.942486
0.005468	0.937133
0.005697	0.931551
0.005925	0.925739
0.006152	0.919701
0.006377	0.913436
0.006600	0.906948
0.006822	0.900236
0.007042	0.893304
0.007261	0.886152
0.007477	0.878783
0.007692	0.871198
0.007905	0.863399
0.008116	0.855389
0.008325	0.847168
0.008532	0.838739
0.008737	0.830104
0.008940	0.821266
0.009140	0.812226
0.009338	0.802986
0.009534	0.793550
0.009728	0.783918
0.009919	0.774094
0.010108	0.764080
0.010295	0.753879
0.010478	0.743492
0.010660	0.732923
0.010838	0.722174
0.011014	0.711247
0.011187	0.700146
0.011358	0.688873
0.011526	0.677431
0.011691	0.665823
0.011853	0.654051
0.012012	0.642119
0.012168	0.630028
0.012321	0.617784
0.012471	0.605387
0.012618	0.592842
0.012762	0.580152
0.012903	0.567319
0.013041	0.554347
0.013175	0.541238
0.013307	0.527997
0.013435	0.514626
0.013559	0.501129
0.013681	0.487509
0.013799	0.473769
0.013913	0.459912
0.014024	0.445943
0.014132	0.431865
0.014237	0.417680
0.014337	0.403393
0.014435	0.389006
0.014528	0.374525
0.014618	0.359951
0.014705	0.345289
0.014788	0.330542
0.014867	0.315714
0.014943	0.300809
0.015015	0.285829
0.015083	0.270780
0.015148	0.255664
0.015209	0.240485
0.015266	0.225247
0.015320	0.209954
0.015369	0.194609
0.015415	0.179217
0.015457	0.163781
0.015495	0.148304
0.015530	0.132791
0.015561	0.117245
0.015588	0.101671
0.015611	0.086071
0.015630	0.070451
0.015645	0.054813
0.015657	0.039162
0.015664	0.023501
0.015668	0.007834
0.015668	-0.007834
0.015664	-0.023501
0.015657	-0.039162
0.015645	-0.054813
0.015630	-0.070451
0.015611	-0.086071
0.015588	-0.101671
0.015561	-0.117245
0.015530	-0.132791
0.015495	-0.148304
0.015457	-0.163781
0.015415	-0.179217
0.015369	-0.194609
0.015320	-0.209954
0.015266	-0.225247
0.015209	-0.240485
0.015148	-0.255664
0.015083	-0.270780
0.015015	-0.285829
0.014943	-0.300809
0.014867	-0.315714
0.014788	-0.330542
0.014705	-0.345289
0.014618	-0.359951
0.014528	-0.374525
0.014435	-0.389006
0.014337	-0.403393
0.014237	-0.417680
0.014132	-0.431865
0.014024	-0.445943
0.013913	-0.459912
0.013799	-0.473769
0.013681	-0.487509
0.013559	-0.501129
0.013435	-0.514626
0.013307	-0.527997
0.013175	-0.541238
0.013041	-0.554347
0.012903	-0.567319
0.012762	-0.580152
0.012618	-0.592842
0.012471	-0.605387
0.012321	-0.617784
0.012168	-0.630028
0.012012	-0.642119
0.011853	-0.654051
0.011691	-0.665823
0.011526	-0.677431
0.011358	-0.688873
0.011187	-0.700146
0.011014	-0.711247
0.010838	-0.722174
0.010660	-0.732923
0.010478	-0.743492
0.010295	-0.753879
0.010108	-0.764080
0.009919	-0.774094
0.009728	-0.783918
0.009534	-0.793550
0.009338	-0.802986
0.009140	-0.812226
0.008940	-0.821266
0.008737	-0.830104
0.008532	-0.838739
0.008325	-0.847168
0.008116	-0.855389
0.007905	-0.863399
0.007692	-0.871198
0.007477	-0.878783
0.007261	-0.886152
0.007042	-0.893304
0.006822	-0.900236
0.006600	-0.906948
0.006377	-0.913436
0.006152	-0.919701
0.005925	-0.925739
0.005697	-0.931551
0.005468	-0.937133
0.005237	-0.942486
0.005005	-0.947607
0.004772	-0.952496
0.004537	-0.957150
0.004302	-0.961570
0.004065	-0.965754
0.003828	-0.969700
0.003589	-0.973409
0.003350	-0.976878
0.003109	-0.980108
0.002868	-0.983097
0.002627	-0.985845
0.002384	-0.988350
0.002141	-0.990613
0.001898	-0.992633
0.001654	-0.994409
0.001410	-0.995941
0.001165	-0.997229
0.000920	-0.998271
0.000675	-0.999069
0.000430	-0.999621
0.000185	-0.999928
