0.000000	0.000000
0.000247	0.000004
0.000986	0.000031
0.002218	0.000105
0.003940	0.000248
0.006149	0.000484
0.008843	0.000836
0.012017	0.001327
0.015667	0.001979
0.019787	0.002816
0.024370	0.003860
0.029411	0.005133
0.034901	0.006658
0.040833	0.008456
0.047196	0.010550
0.053983	0.012960
0.061181	0.015709
0.068781	0.018816
0.076770	0.022304
0.085136	0.026191
0.093866	0.030499
0.102946	0.035246
0.112362	0.040453
0.122099	0.046138
0.132142	0.052319
0.142474	0.059015
0.153078	0.066243
0.163937	0.074021
0.175034	0.082365
0.186348	0.091291
0.197862	0.100816
0.209556	0.110954
0.221409	0.121721
0.233401	0.133130
0.245511	0.145195
0.257716	0.157929
0.269995	0.171344
0.282325	0.185453
0.294683	0.200266
0.307045	0.215795
0.319387	0.232049
0.331685	0.249037
0.343915	0.266768
0.356050	0.285250
0.368066	0.304491
0.379936	0.324496
0.391635	0.345273
0.403135	0.366825
0.414411	0.389158
0.425435	0.412275
0.436179	0.436179
0.446617	0.460873
0.456720	0.486358
0.466460	0.512634
0.475810	0.539701
0.484741	0.567559
0.493224	0.596206
0.501231	0.625639
0.508734	0.655856
0.515702	0.686852
0.522109	0.718622
0.527924	0.751160
0.533119	0.784461
0.537664	0.818516
0.541532	0.853319
0.544693	0.888858
0.547118	0.925126
0.548778	0.962111
0.549645	0.999802
0.549691	1.038187
0.548887	1.077251
0.547204	1.116983
0.544615	1.157366
0.541091	1.198385
0.536606	1.240024
0.531131	1.282265
0.524640	1.325091
0.517106	1.368483
0.508502	1.412420
0.498802	1.456883
0.487980	1.501849
0.476010	1.547298
0.462868	1.593206
0.448529	1.639549
0.432968	1.686303
0.416162	1.733442
0.398087	1.780942
0.378720	1.828774
0.358039	1.876912
0.336022	1.925327
0.312648	1.973990
0.287896	2.022872
0.261746	2.071942
0.234178	2.121169
0.205174	2.170521
0.174714	2.219966
0.142782	2.269471
0.109360	2.319002
0.074433	2.368524
0.037984	2.418003
-0.000001	2.467403
-0.039537	2.516687
-0.080635	2.565819
-0.123310	2.614762
-0.167573	2.663477
-0.213435	2.711926
-0.260905	2.760070
-0.309993	2.807869
-0.360708	2.855285
-0.413057	2.902275
-0.467046	2.948800
-0.522681	2.994818
-0.579968	3.040287
-0.638909	3.085165
-0.699508	3.129410
-0.761767	3.172979
-0.825687	3.215828
-0.891267	3.257915
-0.958507	3.299196
-1.027405	3.339625
-1.097958	3.379160
-1.170162	3.417756
-1.244011	3.455367
-1.319501	3.491950
-1.396622	3.527458
-1.475368	3.561847
-1.555730	3.595072
-1.637696	3.627087
-1.721254	3.657846
-1.806394	3.687304
-1.893102	3.715416
-1.981362	3.742136
-2.071159	3.767418
-2.162475	3.791218
-2.255294	3.813489
-2.349595	3.834186
-2.445359	3.853264
-2.542564	3.870679
-2.641188	3.886385
-2.741207	3.900338
-2.842596	3.912493
-2.945330	3.922806
-3.049381	3.931233
-3.154721	3.937731
-3.261322	3.942256
-3.369153	3.944767
-3.478183	3.945218
-3.588378	3.943570
-3.699705	3.939780
-3.812130	3.933807
-3.925616	3.925611
-4.040127	3.915150
-4.155625	3.902386
-4.272070	3.887279
-4.389422	3.869790
-4.507640	3.849882
-4.626681	3.827518
-4.746503	3.802660
-4.867061	3.775273
-4.988308	3.745322
-5.110200	3.712771
-5.232687	3.677588
-5.355723	3.639739
-5.479257	3.599193
-5.603239	3.555917
-5.727616	3.509881
-5.852338	3.461057
-5.977351	3.409414
-6.102600	3.354926
-6.228031	3.297566
-6.353586	3.237307
-6.479210	3.174126
-6.604846	3.107997
-6.730433	3.038900
-6.855913	2.966811
-6.981225	2.891711
-7.106308	2.813579
-7.231102	2.732399
-7.355544	2.648151
-7.479569	2.560821
-7.603114	2.470394
-7.726115	2.376856
-7.848506	2.280194
-7.970222	2.180398
-8.091196	2.077458
-8.211360	1.971365
-8.330648	1.862112
-8.448991	1.749694
-8.566320	1.634104
-8.682568	1.515342
-8.797661	1.393404
-8.911533	1.268290
-9.024112	1.140001
-9.135325	1.008540
-9.245105	0.873910
-9.353376	0.736117
-9.460071	0.595168
-9.565114	0.451070
-9.668432	0.303833
-9.769957	0.153469
-9.869611	-0.000010
-9.967323	-0.156590
-10.063022	-0.316254
-10.156631	-0.478985
-10.248080	-0.644765
-10.337294	-0.813574
-10.424200	-0.985388
-10.508724	-1.160185
-10.590795	-1.337940
-10.670337	-1.518626
-10.747278	-1.702214
-10.821546	-1.888674
-10.893067	-2.077976
-10.961770	-2.270086
-11.027581	-2.464970
-11.090429	-2.662590
-11.150243	-2.862909
-11.206950	-3.065889
-11.260481	-3.271486
-11.310764	-3.479660
-11.357731	-3.690365
-11.401309	-3.903556
-11.441433	-4.119184
-11.478031	-4.337202
-11.511036	-4.557558
-11.540382	-4.780199
-11.566003	-5.005073
-11.587831	-5.232123
-11.605800	-5.461292
-11.619847	-5.692523
-11.629910	-5.925753
-11.635923	-6.160923
-11.637826	-6.397968
-11.635556	-6.636824
-11.629055	-6.877424
-11.618264	-7.119701
-11.603123	-7.363586
-11.583573	-7.609007
-11.559563	-7.855893
-11.531034	-8.104169
-11.497933	-8.353760
-11.460207	-8.604590
-11.417806	-8.856582
-11.370677	-9.109654
-11.318772	-9.363729
-11.262044	-9.618720
-11.200446	-9.874549
-11.133933	-10.131126
-11.062460	-10.388370
-10.985986	-10.646190
-10.904468	-10.904498
-10.817869	-11.163205
-10.726150	-11.422220
-10.629273	-11.681452
-10.527206	-11.940805
-10.419915	-12.200182
-10.307367	-12.459496
-10.189532	-12.718645
-10.066381	-12.977532
-9.937889	-13.236058
-9.804031	-13.494125
-9.664783	-13.751630
-9.520123	-14.008472
-9.370032	-14.264548
-9.214493	-14.519756
-9.053489	-14.773992
-8.887007	-15.027149
-8.715034	-15.279123
-8.537558	-15.529806
-8.354573	-15.779091
-8.166072	-16.026869
-7.972052	-16.273035
-7.772508	-16.517475
-7.567442	-16.760082
-7.356853	-17.000744
-7.140749	-17.239355
-6.919131	-17.475796
-6.692010	-17.709959
-6.459395	-17.941734
-6.221299	-18.171005
-5.977736	-18.397661
-5.728721	-18.621586
-5.474275	-18.842672
-5.214417	-19.060801
-4.949172	-19.275860
-4.678564	-19.487736
-4.402620	-19.696314
-4.121371	-19.901484
-3.834848	-20.103127
-3.543086	-20.301132
-3.246121	-20.495384
-2.943992	-20.685768
-2.636739	-20.872173
-2.324407	-21.054487
-2.007041	-21.232594
-1.684688	-21.406380
-1.357400	-21.575737
-1.025227	-21.740551
-0.688226	-21.900711
-0.346453	-22.056105
0.000032	-22.206623
0.351168	-22.352156
0.706891	-22.492594
1.067134	-22.627829
1.431830	-22.757750
1.800906	-22.882254
2.174291	-23.001232
2.551908	-23.114580
2.933681	-23.222195
3.319528	-23.323971
3.709368	-23.419802
4.103117	-23.509594
4.500689	-23.593241
4.901993	-23.670645
5.306939	-23.741707
5.715434	-23.806334
6.127382	-23.864424
6.542686	-23.915884
6.961246	-23.960625
7.382959	-23.998552
7.807724	-24.029575
8.235433	-24.053606
8.665977	-24.070555
9.099246	-24.080339
9.535130	-24.082874
9.973512	-24.078077
10.414276	-24.065866
10.857306	-24.046164
11.302480	-24.018892
11.749676	-23.983974
12.198771	-23.941338
12.649637	-23.890913
13.102149	-23.832628
13.556175	-23.766415
14.011585	-23.692207
14.468247	-23.609945
14.926024	-23.519566
15.384782	-23.421005
15.844379	-23.314213
16.304680	-23.199129
16.765541	-23.075705
17.226818	-22.943886
17.688370	-22.803629
18.150049	-22.654884
18.611708	-22.497610
19.073198	-22.331766
19.534369	-22.157314
19.995071	-21.974220
20.455151	-21.782446
20.914452	-21.581964
21.372824	-21.372747
21.830105	-21.154770
22.286142	-20.928007
22.740778	-20.692440
23.193848	-20.448055
23.645195	-20.194832
24.094658	-19.932762
24.542074	-19.661837
24.987282	-19.382050
25.430113	-19.093397
25.870407	-18.795879
26.307997	-18.489498
26.742718	-18.174261
27.174402	-17.850174
27.602886	-17.517252
28.027994	-17.175507
28.449572	-16.824957
28.867435	-16.465624
29.281427	-16.097530
29.691374	-15.720702
30.097111	-15.335172
30.498463	-14.940970
30.895262	-14.538135
31.287342	-14.126704
31.674530	-13.706721
32.056660	-13.278231
32.433559	-12.841282
32.805061	-12.395927
33.170998	-11.942222
33.531200	-11.480223
33.885494	-11.009992
34.233723	-10.531594
34.575710	-10.045098
34.911293	-9.550574
35.240303	-9.048098
35.562576	-8.537745
35.877949	-8.019597
36.186256	-7.493738
36.487335	-6.960256
36.781025	-6.419240
37.067158	-5.870785
37.345585	-5.314987
37.616135	-4.751945
37.878654	-4.181765
38.132992	-3.604550
38.378983	-3.020412
38.616474	-2.429463
38.845322	-1.831819
39.065365	-1.227598
39.276455	-0.616922
39.478443	0.000082
39.671188	0.623288
39.854534	1.252563
40.028351	1.887774
40.192490	2.528782
40.346806	3.175448
40.491169	3.827629
40.625443	4.485178
40.749485	5.147945
40.863174	5.815780
40.966373	6.488526
41.058964	7.166027
41.140808	7.848121
41.211792	8.534644
41.271786	9.225431
41.320686	9.920314
41.358368	10.619121
41.384716	11.321674
41.399624	12.027802
41.402985	12.737321
41.394691	13.450052
41.374641	14.165809
41.342731	14.884403
41.298874	15.605650
41.242970	16.329353
41.174927	17.055323
41.094662	17.783358
41.002083	18.513262
40.897118	19.244837
40.779682	19.977875
40.649700	20.712172
40.507103	21.447525
40.351818	22.183720
40.183788	22.920549
40.002941	23.657797
39.809227	24.395252
39.602585	25.132692
39.382969	25.869905
39.150326	26.606667
38.904617	27.342758
38.645802	28.077955
38.373840	28.812033
38.088696	29.544764
37.790344	30.275921
37.478764	31.005278
37.153927	31.732603
36.815815	32.457664
36.464420	33.180225
36.099728	33.900063
35.721737	34.616936
35.330437	35.330608
34.925838	36.040844
34.507950	36.747410
34.076771	37.450066
33.632324	38.148571
33.174625	38.842686
32.703697	39.532177
32.219570	40.216797
31.722271	40.896313
31.211836	41.570477
30.688307	42.239048
30.151728	42.901794
29.602144	43.558464
29.039610	44.208820
28.464184	44.852623
27.875925	45.489632
27.274899	46.119598
26.661179	46.742294
26.034834	47.357468
25.395947	47.964886
24.744596	48.564308
24.080873	49.155495
23.404871	49.738209
22.716681	50.312214
22.016407	50.877270
21.304152	51.433144
20.580027	51.979603
19.844143	52.516411
19.096622	53.043335
18.337584	53.560150
17.567154	54.066620
16.785467	54.562519
15.992656	55.047619
15.188861	55.521694
14.374227	55.984524
13.548900	56.435883
12.713035	56.875553
11.866788	57.303314
11.010320	57.718948
10.143797	58.122246
9.267388	58.512993
8.381268	58.890980
7.485612	59.255997
6.580605	59.607834
5.666431	59.946297
4.743282	60.271179
3.811350	60.582287
2.870836	60.879421
1.921940	61.162388
0.964868	61.431000
-0.000168	61.685070
-0.972955	61.924412
-1.953277	62.148853
-2.940909	62.358204
-3.935629	62.552292
-4.937207	62.730953
-5.945409	62.894009
-6.960001	63.041302
-7.980742	63.172668
-9.007389	63.287949
-10.039662	63.386990
-11.077377	63.469643
-12.120249	63.535767
-13.168016	63.585201
-14.220425	63.617825
-15.277206	63.633488
-16.338099	63.632072
-17.402830	63.613445
-18.471127	63.577477
-19.542719	63.524063
-20.617321	63.453079
-21.694654	63.364410
-22.774441	63.257969
-23.856386	63.133636
-24.940205	62.991325
-26.025602	62.830936
-27.112288	62.652386
-28.199965	62.455593
-29.288330	62.240479
-30.377089	62.006973
-31.465929	61.754993
-32.554554	61.484493
-33.642654	61.195404
-34.729916	60.887676
-35.816032	60.561260
-36.900684	60.216110
-37.983562	59.852192
-39.064350	59.469467
-40.142731	59.067917
-41.218380	58.647511
-42.290974	58.208225
-43.360203	57.750069
-44.425735	57.273014
-45.487244	56.777065
-46.544411	56.262241
-47.596905	55.728531
-48.644402	55.175961
-49.686569	54.604549
-50.723083	54.014320
-51.753613	53.405312
-52.777828	52.777557
-53.795399	52.131100
-54.805996	51.465992
-55.809284	50.782280
-56.804939	50.080029
-57.792629	49.359310
-58.772026	48.620190
-59.742790	47.862743
-60.704601	47.087059
-61.657120	46.293221
-62.600033	45.481335
-63.532997	44.651489
-64.455688	43.803791
-65.367783	42.938362
-66.268951	42.055309
-67.158875	41.154762
-68.037224	40.236858
-68.903671	39.301720
-69.757912	38.349491
-70.599602	37.380325
-71.428444	36.394367
-72.244118	35.391785
-73.046295	34.372734
-73.834679	33.337395
-74.608940	32.285931
-75.368790	31.218534
-76.113907	30.135387
-76.843987	29.036684
-77.558739	27.922623
-78.257843	26.793409
-78.941017	25.649252
-79.607956	24.490366
-80.258385	23.316977
-80.891998	22.129305
-81.508507	20.927586
-82.107643	19.712059
-82.689110	18.482964
-83.252632	17.240549
-83.797958	15.985071
-84.324791	14.716787
-84.832870	13.435961
-85.321945	12.142864
-85.791740	10.837770
-86.242012	9.520959
-86.672501	8.192715
-87.082962	6.853328
-87.473152	5.503093
-87.842842	4.142311
-88.191772	2.771285
-88.519737	1.390324
-88.826492	-0.000256
-89.111824	-1.400138
-89.375526	-2.808998
-89.617371	-4.226509
-89.837151	-5.652337
-90.034676	-7.086147
-90.209747	-8.527597
-90.362152	-9.976343
-90.491730	-11.432034
-90.598289	-12.894319
-90.681648	-14.362836
-90.741646	-15.837228
-90.778107	-17.317129
-90.790878	-18.802168
-90.779800	-20.291973
-90.744736	-21.786171
-90.685539	-23.284378
-90.602066	-24.786211
-90.494186	-26.291286
-90.361778	-27.799210
-90.204727	-29.309593
-90.022919	-30.822039
-89.816254	-32.336147
-89.584618	-33.851517
-89.327927	-35.367741
-89.046089	-36.884415
-88.739037	-38.401131
-88.406685	-39.917473
-88.048965	-41.433025
-87.665833	-42.947380
-87.257210	-44.460110
-86.823067	-45.970791
-86.363373	-47.479012
-85.878067	-48.984337
-85.367142	-50.486343
-84.830582	-51.984608
-84.268364	-53.478699
-83.680489	-54.968182
-83.066956	-56.452621
-82.427773	-57.931595
-81.762962	-59.404663
-81.072548	-60.871391
-80.356560	-62.331341
-79.615028	-63.784081
-78.848007	-65.229164
-78.055550	-66.666168
-77.237717	-68.094643
-76.394569	-69.514153
-75.526192	-70.924263
-74.632660	-72.324539
-73.714066	-73.714539
-72.770508	-75.093819
-71.802086	-76.461952
-70.808922	-77.818497
-69.791130	-79.163017
-68.748840	-80.495079
-67.682190	-81.814255
-66.591316	-83.120102
-65.476372	-84.412201
-64.337517	-85.690109
-63.174908	-86.953400
-61.988731	-88.201660
-60.779152	-89.434441
-59.546371	-90.651337
-58.290577	-91.851921
-57.011974	-93.035774
-55.710770	-94.202477
-54.387188	-95.351631
-53.041447	-96.482788
-51.673782	-97.595573
-50.284431	-98.689568
-48.873646	-99.764366
-47.441677	-100.819572
-45.988785	-101.854774
-44.515240	-102.869598
-43.021317	-103.863640
-41.507301	-104.836510
-39.973484	-105.787834
-38.420158	-106.717232
-36.847630	-107.624313
-35.256214	-108.508720
-33.646225	-109.370087
-32.017986	-110.208038
-30.371838	-111.022232
-28.708107	-111.812286
-27.027149	-112.577873
-25.329309	-113.318642
-23.614950	-114.034256
-21.884434	-114.724373
-20.138136	-115.388672
-18.376431	-116.026810
-16.599703	-116.638496
-14.808345	-117.223396
-13.002751	-117.781204
-11.183325	-118.311623
-9.350474	-118.814354
-7.504615	-119.289101
-5.646167	-119.735596
-3.775555	-120.153542
-1.893211	-120.542671
0.000426	-120.902733
1.904915	-121.233452
3.819808	-121.534576
5.744652	-121.805870
7.678987	-122.047089
9.622352	-122.258003
11.574275	-122.438377
13.534286	-122.588020
15.501905	-122.706688
17.476652	-122.794205
19.458036	-122.850349
21.445568	-122.874954
23.438753	-122.867836
25.437088	-122.828827
27.440071	-122.757736
29.447193	-122.654434
31.457945	-122.518761
33.471806	-122.350571
35.488262	-122.149734
37.506786	-121.916138
39.526855	-121.649643
41.547939	-121.350151
43.569508	-121.017570
45.591026	-120.651817
47.611950	-120.252769
49.631748	-119.820389
51.649872	-119.354599
53.665779	-118.855347
55.678917	-118.322578
57.688736	-117.756256
59.694687	-117.156342
61.696220	-116.522835
63.692780	-115.855713
65.683800	-115.154953
67.668732	-114.420593
69.647003	-113.652626
71.618080	-112.851097
73.581375	-112.016022
75.536331	-111.147438
77.482399	-110.245422
79.419006	-109.310013
81.345581	-108.341286
83.261574	-107.339333
85.166412	-106.304230
87.059525	-105.236076
88.940376	-104.134995
90.808372	-103.001091
92.662964	-101.834488
94.503601	-100.635338
96.329704	-99.403778
98.140717	-98.139961
99.936089	-96.844063
101.715263	-95.516251
103.477684	-94.156715
105.222778	-92.765633
106.950020	-91.343231
108.658859	-89.889717
110.348732	-88.405304
112.019096	-86.890221
113.669411	-85.344719
115.299149	-83.769043
116.907753	-82.163467
118.494713	-80.528244
120.059464	-78.863655
121.601524	-77.170006
123.120323	-75.447563
124.615372	-73.696663
126.086136	-71.917603
127.532120	-70.110718
128.952789	-68.276329
130.347672	-66.414803
131.716232	-64.526466
133.058014	-62.611698
134.372498	-60.670864
135.659210	-58.704342
136.917679	-56.712517
138.147400	-54.695786
139.347946	-52.654560
140.518814	-50.589249
141.659561	-48.500271
142.769730	-46.388058
143.848877	-44.253056
144.896591	-42.095715
145.912369	-39.916473
146.895844	-37.715809
147.846588	-35.494190
148.764160	-33.252090
149.648163	-30.990007
150.498215	-28.708431
151.313889	-26.407862
152.094818	-24.088814
152.840637	-21.751804
153.550949	-19.397354
154.225403	-17.026001
154.863663	-14.638282
155.465332	-12.234741
156.030136	-9.815936
156.557678	-7.382422
157.047684	-4.934770
157.499817	-2.473550
157.913773	0.000658
158.289261	2.487267
158.625992	4.985686
158.923691	7.495317
159.182083	10.015557
159.400909	12.545796
159.579926	15.085421
159.718872	17.633808
159.817535	20.190334
159.875671	22.754366
159.893097	25.325272
159.869583	27.902407
159.804962	30.485130
159.699036	33.072788
159.551620	35.664726
159.362564	38.260284
159.131729	40.858807
158.858978	43.459629
158.544128	46.062065
158.187119	48.665455
157.787811	51.269119
157.346130	53.872375
156.861954	56.474541
156.335220	59.074924
155.765869	61.672848
155.153839	64.267609
154.499084	66.858521
153.801575	69.444878
153.061295	72.025993
152.278244	74.601166
151.452393	77.169678
150.583771	79.730850
149.672424	82.283966
148.718338	84.828308
147.721603	87.363190
146.682266	89.887894
145.600388	92.401711
144.476059	94.903938
143.309372	97.393875
142.100433	99.870796
140.849365	102.334000
139.556274	104.782776
138.221329	107.216431
136.844650	109.634239
135.426437	112.035507
133.966843	114.419525
132.466064	116.785599
130.924301	119.133011
129.341751	121.461082
127.718658	123.769104
126.055252	126.056389
124.351776	128.322235
122.608475	130.565948
120.825638	132.786835
119.003540	134.984253
117.142471	137.157471
115.242752	139.305832
113.304680	141.428665
111.328590	143.525299
109.314819	145.595047
107.263733	147.637268
105.175682	149.651306
103.051048	151.636505
100.890205	153.592194
98.693565	155.517746
96.461525	157.412521
94.194511	159.275894
91.892944	161.107208
89.557281	162.905853
87.187965	164.671234
84.785461	166.402740
82.350243	168.099731
79.882797	169.761627
77.383629	171.387863
74.853226	172.977798
72.292114	174.530899
69.700829	176.046585
67.079895	177.524292
64.429871	178.963470
61.751308	180.363556
59.044781	181.724030
56.310860	183.044357
53.550137	184.324005
50.763203	185.562454
47.950676	186.759201
45.113171	187.913773
42.251301	189.025635
39.365711	190.094360
36.457047	191.119446
33.525959	192.100449
30.573103	193.036896
27.599154	193.928360
24.604790	194.774414
21.590698	195.574631
18.557573	196.328598
15.506118	197.035919
12.437043	197.696213
9.351068	198.309097
6.248919	198.874207
3.131330	199.391159
-0.000960	199.859619
-3.147202	200.279282
-6.306641	200.649780
-9.478517	200.970840
-12.662059	201.242157
-15.856495	201.463409
-19.061045	201.634369
-22.274920	201.754715
-25.497330	201.824265
-28.727474	201.842712
-31.964552	201.809875
-35.207752	201.725525
-38.456268	201.589462
-41.709270	201.401489
-44.965942	201.161438
-48.225460	200.869156
-51.486980	200.524475
-54.749676	200.127243
-58.012707	199.677383
-61.275227	199.174744
-64.536392	198.619247
-67.795349	198.010818
-71.051247	197.349365
-74.303223	196.634827
-77.550430	195.867203
-80.792007	195.046417
-84.027077	194.172485
-87.254799	193.245392
-90.474281	192.265152
-93.684669	191.231796
-96.885094	190.145355
-100.074684	189.005905
-103.252571	187.813492
-106.417877	186.568222
-109.569733	185.270172
-112.707275	183.919479
-115.829613	182.516235
-118.935898	181.060608
-122.025246	179.552750
-125.096794	177.992828
-128.149658	176.381012
-131.182999	174.717499
-134.195923	173.002533
-137.187576	171.236298
-140.157104	169.419083
-143.103638	167.551117
-146.026321	165.632660
-148.924301	163.664001
-151.796738	161.645447
-154.642761	159.577316
-157.461548	157.459930
-160.252228	155.293625
-163.013992	153.078751
-165.745987	150.815689
-168.447403	148.504822
-171.117432	146.146561
-173.755188	143.741287
-176.359924	141.289444
-178.930801	138.791473
-181.467026	136.247833
-183.967789	133.658966
-186.432312	131.025375
-188.859818	128.347565
-191.249496	125.626015
-193.600601	122.861267
-195.912369	120.053848
-198.184036	117.204315
-200.414841	114.313217
-202.604065	111.381142
-204.750946	108.408676
-206.854782	105.396408
-208.914856	102.344963
-210.930435	99.254974
-212.900833	96.127060
-214.825363	92.961891
-216.703323	89.760117
-218.534073	86.522423
-220.316925	83.249496
-222.051224	79.942032
-223.736359	76.600746
-225.371643	73.226364
-226.956497	69.819611
-228.490311	66.381248
-229.972458	62.912025
-231.402344	59.412708
-232.779419	55.884079
-234.103104	52.326927
-235.372849	48.742058
-236.588104	45.130280
-237.748322	41.492409
-238.853027	37.829285
-239.901672	34.141747
-240.893784	30.430641
-241.828857	26.696833
-242.706467	22.941193
-243.526123	19.164597
-244.287399	15.367931
-244.989853	11.552095
-245.633087	7.717995
-246.216675	3.866542
-246.740280	-0.001343
-247.203491	-3.884730
-247.605942	-7.782683
-247.947327	-11.694257
-248.227280	-15.618500
-248.445496	-19.554455
-248.601700	-23.501154
-248.695587	-27.457630
-248.726868	-31.422899
-248.695328	-35.395985
-248.600708	-39.375889
-248.442780	-43.361618
-248.221359	-47.352177
-247.936218	-51.346554
-247.587219	-55.343739
-247.174179	-59.342716
-246.696945	-63.342468
-246.155411	-67.341972
-245.549469	-71.340195
-244.878983	-75.336105
-244.143982	-79.328438
-243.344330	-83.316383
-242.479965	-87.298904
-241.550888	-91.274963
-240.557053	-95.243507
-239.498520	-99.203506
-238.375275	-103.153893
-237.187363	-107.093620
-235.934814	-111.021645
-234.617722	-114.936897
-233.236160	-118.838333
-231.790283	-122.724915
-230.280151	-126.595558
-228.705948	-130.449234
-227.067810	-134.284882
-225.365952	-138.101456
-223.600494	-141.897888
-221.771713	-145.673141
-219.879776	-149.426147
-217.924973	-153.155884
-215.907547	-156.861282
-213.827774	-160.541336
-211.685989	-164.194977
-209.482422	-167.821167
-207.217484	-171.418884
-204.891479	-174.987106
-202.504791	-178.524780
-200.057770	-182.030899
-197.550873	-185.504471
-194.984436	-188.944427
-192.358963	-192.349808
-189.674866	-195.719589
-186.932617	-199.052780
-184.132706	-202.348373
-181.275635	-205.605408
-178.361893	-208.822891
-175.392059	-211.999847
-172.366638	-215.135330
-169.286224	-218.228348
-166.151382	-221.277969
-162.962738	-224.283279
-159.720871	-227.243286
-156.426437	-230.157104
-153.080078	-233.023804
-149.682449	-235.842468
-146.234238	-238.612228
-142.736115	-241.332123
-139.188828	-244.001358
-135.593048	-246.618973
-131.949570	-249.184189
-128.259125	-251.696106
-124.522499	-254.153931
-120.740440	-256.556763
-116.913780	-258.903839
-113.043320	-261.194336
-109.129890	-263.427460
-105.174324	-265.602448
-101.177490	-267.718475
-97.140244	-269.774811
-93.063492	-271.770752
-88.948112	-273.705505
-84.795029	-275.578400
-80.605141	-277.388702
-76.379410	-279.135712
-72.118774	-280.818787
-67.824188	-282.437195
-63.496632	-283.990356
-59.137093	-285.477631
-54.746567	-286.898346
-50.326065	-288.251953
-45.876595	-289.537811
-41.399204	-290.755402
-36.894924	-291.904114
-32.364811	-292.983429
-27.809925	-293.992798
-23.231344	-294.931732
-18.630150	-295.799744
-14.007437	-296.596313
-9.364305	-297.321045
-4.701869	-297.973419
-0.021246	-298.553070
4.676432	-299.059540
9.390028	-299.492493
14.118398	-299.851501
18.860382	-300.136169
23.614826	-300.346252
28.380560	-300.481415
33.156403	-300.541290
37.941181	-300.525665
42.733692	-300.434204
47.532753	-300.266693
52.337158	-300.022919
57.145699	-299.702637
61.957172	-299.305695
66.770348	-298.831879
71.584015	-298.281067
76.396942	-297.653107
81.207901	-296.947876
86.015648	-296.165314
90.818954	-295.305328
95.616592	-294.367859
100.407303	-293.352875
105.189827	-292.260345
109.962936	-291.090302
114.725388	-289.842773
119.475906	-288.517761
124.213257	-287.115356
128.936172	-285.635620
133.643402	-284.078705
138.333694	-282.444702
143.005798	-280.733765
147.658447	-278.946075
152.290390	-277.081787
156.900391	-275.141144
161.487167	-273.124329
166.049500	-271.031616
170.586105	-268.863251
175.095779	-266.619568
179.577255	-264.300812
184.029297	-261.907379
188.450653	-259.439575
192.840118	-256.897766
197.196442	-254.282379
201.518417	-251.593796
205.804794	-248.832428
210.054398	-245.998779
214.265991	-243.093292
218.438370	-240.116440
222.570343	-237.068741
226.660736	-233.950775
230.708313	-230.763016
234.711960	-227.506088
238.670456	-224.180573
242.582657	-220.787064
246.447403	-217.326187
250.263565	-213.798630
254.029968	-210.205017
257.745514	-206.546066
261.409088	-202.822479
265.019531	-199.034958
268.575806	-195.184265
272.076782	-191.271179
275.521362	-187.296448
278.908539	-183.260910
282.237213	-179.165359
285.506348	-175.010635
288.714874	-170.797607
291.861847	-166.527130
294.946167	-162.200104
297.966888	-157.817444
300.923035	-153.380051
303.813599	-148.888901
306.637665	-144.344940
309.394226	-139.749130
312.082428	-135.102478
314.701324	-130.405991
317.249969	-125.660690
319.727570	-120.867638
322.133148	-116.027863
324.465942	-111.142448
326.725067	-106.212494
328.909729	-101.239098
331.019104	-96.223366
333.052368	-91.166443
335.008789	-86.069466
336.887634	-80.933617
338.688110	-75.760040
340.409546	-70.549950
342.051208	-65.304543
343.612427	-60.025021
345.092560	-54.712624
346.490875	-49.368587
347.806854	-43.994164
349.039795	-38.590618
350.189178	-33.159229
351.254395	-27.701277
352.234863	-22.218065
353.130157	-16.710901
353.939636	-11.181105
354.662933	-5.630005
355.299500	-0.058941
355.848907	5.530737
356.310730	11.137673
356.684570	16.760498
356.970032	22.397840
357.166748	28.048313
357.274353	33.710526
357.292572	39.383076
357.221069	45.064560
357.059601	50.753571
356.807892	56.448677
356.465729	62.148464
356.032867	67.851494
355.509155	73.556335
354.894379	79.261543
354.188446	84.965660
353.391235	90.667252
352.502625	96.364853
351.522522	102.057007
350.450928	107.742249
349.287811	113.419121
348.033142	119.086143
346.686951	124.741859
345.249298	130.384796
343.720215	136.013458
342.099792	141.626404
340.388184	147.222122
338.585510	152.799179
336.691956	158.356079
334.707642	163.891342
332.632843	169.403488
330.467743	174.891068
328.212646	180.352585
325.867828	185.786591
323.433563	191.191605
320.910187	196.566162
318.298096	201.908829
315.597595	207.218109
312.809113	212.492554
309.933136	217.730743
306.970032	222.931229
303.920288	228.092514
300.784454	233.213257
297.562958	238.291962
294.256409	243.327225
290.865387	248.317642
287.390442	253.261780
283.832153	258.158234
280.191254	263.005676
276.468353	267.802673
272.664093	272.547821
268.779236	277.239807
264.814484	281.877228
260.770599	286.458771
256.648346	290.983063
252.448532	295.448822
248.171951	299.854675
243.819489	304.199371
239.391968	308.481567
234.890289	312.700012
230.315338	316.853455
225.668076	320.940552
220.949417	324.960144
216.160370	328.911011
211.301895	332.791870
206.375015	336.601532
201.380768	340.338837
196.320206	344.002594
191.194397	347.591675
186.004410	351.104858
180.751419	354.541077
175.436508	357.899231
170.060837	361.178192
164.625595	364.376923
159.131958	367.494293
153.581131	370.529297
147.974335	373.480927
142.312851	376.348145
136.597916	379.130035
130.830795	381.825531
125.012802	384.433685
119.145264	386.953674
113.229500	389.384460
107.266861	391.725250
101.258698	393.975098
95.206406	396.133179
89.111374	398.198669
82.975006	400.170746
76.798744	402.048645
70.584015	403.831604
64.332275	405.518829
58.044998	407.109680
51.723656	408.603363
45.369747	409.999268
38.984779	411.296722
32.570271	412.495056
26.127758	413.593719
19.658779	414.592102
13.164893	415.489655
6.647665	416.285828
0.108673	416.980133
-6.450496	417.572052
-13.028246	418.061127
-19.622969	418.446930
-26.233047	418.729065
-32.856857	418.907104
-39.492771	418.980743
-46.139137	418.949554
-52.794312	418.813324
-59.456642	418.571716
-66.124458	418.224457
-72.796097	417.771362
-79.469887	417.212189
-86.144135	416.546783
-92.817154	415.774933
-99.487267	414.896576
-106.152771	413.911591
-112.811966	412.819885
-119.463158	411.621460
-126.104630	410.316254
-132.734680	408.904297
-139.351608	407.385590
-145.953674	405.760223
-152.539185	404.028290
-159.106430	402.189880
-165.653687	400.245178
-172.179230	398.194336
-178.681381	396.037537
-185.158371	393.775024
-191.608536	391.407074
-198.030151	388.933929
-204.421509	386.355927
-210.780899	383.673401
-217.106628	380.886719
-223.396973	377.996216
-229.650269	375.002411
-235.864807	371.905701
-242.038910	368.706543
-248.170898	365.405487
-254.259094	362.003021
-260.301819	358.499725
-266.297455	354.896179
-272.244293	351.193024
-278.140717	347.390839
-283.985077	343.490326
-289.775757	339.492218
-295.511078	335.397156
-301.189545	331.205933
-306.809448	326.919342
-312.369232	322.538147
-317.867310	318.063171
-323.302155	313.495300
-328.672119	308.835388
-333.975739	304.084351
-339.211456	299.243134
-344.377716	294.312683
-349.473083	289.293976
-354.495972	284.187988
-359.444977	278.995819
-364.318573	273.718475
-369.115356	268.357056
-373.833862	262.912689
-378.472687	257.386505
-383.030396	251.779602
-387.505676	246.093231
-391.897064	240.328552
-396.203278	234.486801
-400.422943	228.569244
-404.554749	222.577118
-408.597382	216.511749
-412.549622	210.374451
-416.410156	204.166565
-420.177765	197.889435
-423.851227	191.544464
-427.429321	185.133026
-430.910889	178.656601
-434.294739	172.116577
-437.579803	165.514450
-440.764923	158.851700
-443.848999	152.129837
-446.830994	145.350388
-449.709808	138.514877
-452.484467	131.624893
-455.153931	124.682007
-457.717285	117.687813
-460.173492	110.643929
-462.521698	103.551987
-464.760986	96.413651
-466.890411	89.230568
-468.909210	82.004433
-470.816528	74.736946
-472.611542	67.429825
-474.293518	60.084789
-475.861664	52.703587
-477.315277	45.287975
-478.653687	37.839729
-479.876190	30.360628
-480.982178	22.852472
-481.971008	15.317073
-482.842133	7.756253
-483.594971	0.171844
-484.228973	-7.434307
-484.743713	-15.060345
-485.138702	-22.704405
-485.413422	-30.364609
-485.567535	-38.039070
-485.600677	-45.725903
-485.512451	-53.423195
-485.302551	-61.129040
-484.970673	-68.841515
-484.516602	-76.558708
-483.940063	-84.278671
-483.240845	-91.999474
-482.418823	-99.719177
-481.473846	-107.435829
-480.405762	-115.147469
-479.214539	-122.852142
-477.900116	-130.547897
-476.462494	-138.232758
-474.901672	-145.904770
-473.217712	-153.561951
-471.410645	-161.202347
-469.480652	-168.823959
-467.427826	-176.424835
-465.252380	-184.002991
-462.954437	-191.556458
-460.534363	-199.083282
-457.992310	-206.581467
-455.328613	-214.049042
-452.543671	-221.484070
-449.637726	-228.884552
-446.611267	-236.248550
-443.464691	-243.574112
-440.198486	-250.859268
-436.813049	-258.102081
-433.309021	-265.300598
-429.686859	-272.452881
-425.947205	-279.557037
-422.090668	-286.611115
-418.117889	-293.613190
-414.029510	-300.561371
-409.826324	-307.453766
-405.509003	-314.288452
-401.078308	-321.063599
-396.535095	-327.777283
-391.880188	-334.427673
-387.114410	-341.012909
-382.238678	-347.531128
-377.253967	-353.980621
-372.161133	-360.359406
-366.961273	-366.665833
-361.655304	-372.898010
-356.244324	-379.054199
-350.729401	-385.132690
-345.111633	-391.131683
-339.392151	-397.049438
-333.572083	-402.884277
-327.652679	-408.634491
-321.635132	-414.298401
-315.520691	-419.874390
-309.310608	-425.360718
-303.006195	-430.755829
-296.608826	-436.058136
-290.119812	-441.266022
-283.540527	-446.377838
-276.872406	-451.392181
-270.116913	-456.307434
-263.275452	-461.122131
-256.349518	-465.834778
-249.340668	-470.443878
-242.250427	-474.948059
-235.080322	-479.345795
-227.831970	-483.635773
-220.507004	-487.816650
-213.107010	-491.886963
-205.633682	-495.845520
-198.088699	-499.690979
-190.473770	-503.422028
-182.790588	-507.037415
-175.040939	-510.535980
-167.226578	-513.916443
-159.349289	-517.177734
-151.410904	-520.318665
-143.413239	-523.338074
-135.358170	-526.234985
-127.247536	-529.008240
-119.083260	-531.656921
-110.867233	-534.179871
-102.601372	-536.576233
-94.287651	-538.845032
-85.928017	-540.985352
-77.524452	-542.996338
-69.078957	-544.877075
-60.593529	-546.626831
-52.070217	-548.244812
-43.511040	-549.730164
-34.918072	-551.082153
-26.293381	-552.300232
-17.639046	-553.383606
-8.957168	-554.331726
-0.249856	-555.143982
8.480767	-555.819763
17.232571	-556.358521
26.003407	-556.759827
34.791122	-557.023193
43.593552	-557.148132
52.408524	-557.134338
61.233856	-556.981384
70.067345	-556.688965
78.906815	-556.256775
87.750031	-555.684509
96.594803	-554.972046
105.438904	-554.119141
114.280113	-553.125671
123.116173	-551.991333
131.944901	-550.716370
140.764023	-549.300415
149.571289	-547.743652
158.364471	-546.046021
167.141312	-544.207581
175.899597	-542.228455
184.637024	-540.108765
193.351379	-537.848694
202.040405	-535.448425
210.701859	-532.908142
219.333435	-530.228149
227.932968	-527.408752
236.498169	-524.450378
245.026825	-521.353333
253.516647	-518.117981
261.965454	-514.744873
270.370941	-511.234436
278.730988	-507.587250
287.043304	-503.803802
295.305725	-499.884766
303.515991	-495.830719
311.671936	-491.642365
319.771301	-487.320343
327.812042	-482.865448
335.791870	-478.278473
343.708710	-473.560242
351.560333	-468.711487
359.344604	-463.733185
367.059448	-458.626190
374.702728	-453.391571
382.272278	-448.030151
389.766113	-442.543091
397.182098	-436.931366
404.518158	-431.196106
411.772278	-425.338379
418.942383	-419.359375
426.026459	-413.260284
433.022552	-407.042328
439.928619	-400.706757
446.742737	-394.254852
453.462982	-387.687988
460.087372	-381.007446
466.614044	-374.214661
473.041016	-367.311005
479.366547	-360.298004
485.588715	-353.177094
491.705719	-345.949768
497.715729	-338.617584
503.616974	-331.182129
509.407715	-323.645020
515.086182	-316.007843
520.650696	-308.272308
526.099548	-300.440063
531.431030	-292.512848
536.643616	-284.492432
541.735657	-276.380585
546.705505	-268.179047
551.551636	-259.889740
556.272583	-251.514481
560.866760	-243.055161
565.332703	-234.513687
569.668945	-225.891998
573.874207	-217.192078
577.946960	-208.415848
581.885864	-199.565369
585.689697	-190.642685
589.357056	-181.649826
592.886658	-172.588852
596.277344	-163.461929
599.527954	-154.271118
602.637146	-145.018616
605.603943	-135.706558
608.427185	-126.337128
611.105835	-116.912552
613.638794	-107.435051
616.025146	-97.906876
618.263855	-88.330276
620.354004	-78.707550
622.294678	-69.040977
624.085083	-59.332890
625.724365	-49.585613
627.211609	-39.801495
628.546265	-29.982903
629.727539	-20.132212
630.754700	-10.251814
631.627197	-0.344112
632.344360	9.588475
632.905579	19.543516
633.310486	29.518574
633.558411	39.511189
633.649048	49.518902
633.581848	59.539242
633.356506	69.569717
632.972656	79.607849
632.430115	89.651131
631.728455	99.697060
630.867615	109.743111
629.847290	119.786781
628.667419	129.825546
627.327881	139.856857
625.828613	149.878204
624.169556	159.887009
622.350830	169.880768
620.372375	179.856918
618.234436	189.812943
615.937073	199.746262
613.480469	209.654343
610.864807	219.534637
608.090454	229.384598
605.157654	239.201660
602.066833	248.983337
598.818176	258.727020
595.412292	268.430206
591.849670	278.090393
588.130676	287.705017
584.255920	297.271545
580.226074	306.787476
576.041687	316.250305
571.703430	325.657532
567.212036	335.006653
562.568237	344.295197
557.772827	353.520630
552.826721	362.680603
547.730713	371.772522
542.485718	380.794067
537.092651	389.742676
531.552551	398.616058
525.866455	407.411682
520.035461	416.127258
514.060608	424.760376
507.943115	433.308624
501.684143	441.769714
495.284882	450.141296
488.746674	458.421082
482.070709	466.606689
475.258423	474.695892
468.311157	482.686462
461.230316	490.576080
454.017426	498.362610
446.673889	506.043793
439.201263	513.617493
431.601074	521.081482
423.874969	528.433655
416.024567	535.671997
408.051575	542.794312
399.957642	549.798523
391.744476	556.682678
383.413940	563.444702
374.967773	570.082581
366.407837	576.594482
357.735992	582.978271
348.954163	589.232239
340.064270	595.354431
331.068298	601.342957
321.968262	607.196045
312.766144	612.911865
303.464020	618.488647
294.063995	623.924744
284.568237	629.218445
274.978790	634.367981
265.297943	639.371887
255.527802	644.228333
245.670700	648.935974
235.728836	653.493164
225.704498	657.898376
215.600052	662.150269
205.417801	666.247253
195.160110	670.188110
184.829391	673.971375
174.428040	677.595703
163.958496	681.059814
153.423233	684.362610
142.824722	687.502625
132.165482	690.478943
121.448013	693.290283
110.674889	695.935608
99.848671	698.413818
88.971947	700.723938
78.047310	702.864990
67.077393	704.835999
56.064835	706.636047
45.012291	708.264404
33.922443	709.720215
22.797976	711.002625
11.641593	712.111023
0.456013	713.044617
-10.756028	713.802795
-21.991787	714.385010
-33.248505	714.790649
-44.523411	715.019226
-55.813725	715.070251
-67.116653	714.943298
-78.429398	714.637939
-89.749146	714.153931
-101.073097	713.490906
-112.398392	712.648621
-123.722229	711.626953
-135.041748	710.425537
-146.354111	709.044495
-157.656479	707.483643
-168.945999	705.742920
-180.219788	703.822388
-191.475021	701.722046
-202.708801	699.442078
-213.918304	696.982666
-225.100632	694.343872
-236.252960	691.526123
-247.372391	688.529541
-258.456085	685.354614
-269.501190	682.001526
-280.504822	678.470886
-291.464172	674.763123
-302.376373	670.878784
-313.238556	666.818298
-324.047943	662.582397
-334.801636	658.171692
-345.496887	653.586853
-356.130829	648.828735
-366.700745	643.898071
-377.203705	638.795593
-387.637054	633.522400
-397.997925	628.079163
-408.283661	622.467102
-418.491425	616.687134
-428.618500	610.740234
-438.662201	604.627625
-448.619781	598.350403
-458.488556	591.909729
-468.265900	585.306885
-477.949097	578.543213
-487.535583	571.619934
-497.022644	564.538452
-506.407745	557.300232
-515.688293	549.906616
-524.861694	542.359192
-533.925476	534.659485
-542.877014	526.809021
-551.713928	518.809448
-560.433716	510.662476
-569.033813	502.369720
-577.511963	493.933014
-585.865723	485.354095
-594.092590	476.634766
-602.190430	467.776978
-610.156738	458.782501
-617.989319	449.653381
-625.685913	440.391541
-633.244202	430.998993
-640.662048	421.477844
-647.937317	411.830170
-655.067810	402.058075
-662.051453	392.163757
-668.886047	382.149353
-675.569702	372.017120
-682.100342	361.769379
-688.475952	351.408356
-694.694702	340.936462
-700.754517	330.356018
-706.653625	319.669434
-712.390259	308.879181
-717.962463	297.987671
-723.368530	286.997406
-728.606750	275.910950
-733.675476	264.730835
-738.572998	253.459656
-743.297729	242.100037
-747.848083	230.654587
-752.222595	219.126022
-756.419678	207.516998
-760.437927	195.830261
-764.276001	184.068573
-767.932373	172.234665
-771.405945	160.331375
-774.695313	148.361511
-777.799255	136.327927
-780.716553	124.233467
-783.446106	112.081039
-785.986755	99.873550
-788.337585	87.613930
-790.497375	75.305122
-792.465332	62.950111
-794.240540	50.551868
-795.821960	38.113400
-797.208862	25.637735
-798.400574	13.127905
-799.396179	0.586963
-800.195129	-11.982024
-800.796814	-24.575977
-801.200500	-37.191799
-801.405701	-49.826382
-801.411987	-62.476616
-801.218811	-75.139366
-800.825928	-87.811501
-800.232849	-100.489861
-799.439392	-113.171295
-798.445251	-125.852654
-797.250244	-138.530746
-795.854248	-151.202408
-794.257141	-163.864441
-792.458862	-176.513672
-790.459534	-189.146927
-788.259033	-201.760971
-785.857666	-214.352646
-783.255371	-226.918732
-780.452576	-239.456039
-777.449341	-251.961365
-774.246155	-264.431549
-770.843262	-276.863342
-767.241150	-289.253571
-763.440247	-301.599060
-759.441040	-313.896637
-755.244141	-326.143066
-750.850159	-338.335266
-746.259766	-350.469971
-741.473633	-362.544098
-736.492554	-374.554443
-731.317444	-386.497925
-725.949036	-398.371368
-720.388245	-410.171631
-714.636169	-421.895660
-708.693787	-433.540344
-702.562073	-445.102600
-696.242249	-456.579315
-689.735474	-467.967529
-683.042969	-479.264099
-676.165894	-490.466034
-669.105774	-501.570404
-661.863770	-512.574097
-654.441406	-523.474243
-646.840210	-534.267883
-639.061523	-544.952026
-631.106995	-555.523804
-622.978271	-565.980347
-614.676941	-576.318787
-606.204773	-586.536316
-597.563477	-596.630066
-588.754822	-606.597229
-579.780701	-616.435120
-570.642944	-626.140930
-561.343506	-635.712036
-551.884338	-645.145569
-542.267578	-654.439148
-532.495117	-663.589966
-522.569214	-672.595459
-512.491882	-681.453064
-502.265442	-690.160278
-491.892029	-698.714539
-481.373993	-707.113464
-470.713623	-715.354675
-459.913239	-723.435608
-448.975311	-731.354004
-437.902191	-739.107483
-426.696442	-746.693848
-415.360535	-754.110718
-403.897034	-761.355957
-392.308533	-768.427368
-380.597626	-775.322876
-368.767029	-782.040283
-356.819458	-788.577698
-344.757568	-794.932861
-332.584167	-801.103943
-320.302094	-807.088989
-307.914124	-812.886108
-295.423187	-818.493469
-282.832123	-823.909180
-270.143921	-829.131653
-257.361511	-834.158997
-244.487900	-838.989685
-231.526108	-843.621948
-218.479172	-848.054321
-205.350174	-852.285217
-192.142227	-856.313171
-178.858475	-860.136841
-165.502045	-863.754639
-152.076157	-867.165405
-138.583969	-870.367737
-125.028755	-873.360474
-111.413750	-876.142395
-97.742233	-878.712341
-84.017487	-881.069214
-70.242836	-883.212036
-56.421616	-885.139709
-42.557178	-886.851440
-28.652893	-888.346252
-14.712155	-889.623413
-0.738362	-890.682007
13.265062	-891.521423
27.294683	-892.140930
41.347054	-892.539917
55.418713	-892.717896
69.506187	-892.674255
83.605988	-892.408630
97.714622	-891.920532
111.828590	-891.209656
125.944374	-890.275757
140.058456	-889.118530
154.167297	-887.737854
168.267380	-886.133606
182.355164	-884.305664
196.427094	-882.254028
210.479630	-879.978882
224.509232	-877.480103
238.512329	-874.758057
252.485367	-871.812744
266.424835	-868.644653
280.327148	-865.253967
294.188751	-861.641113
308.006134	-857.806519
321.775757	-853.750793
335.494019	-849.474304
349.157440	-844.977783
362.762482	-840.261780
376.305664	-835.327209
389.783417	-830.174744
403.192291	-824.805176
416.528778	-819.219421
429.789368	-813.418457
442.970612	-807.403259
456.069092	-801.174866
469.081329	-794.734436
482.003906	-788.083191
494.833405	-781.222229
507.566467	-774.152954
520.199646	-766.876587
532.729675	-759.394653
545.153137	-751.708435
557.466797	-743.819580
569.667236	-735.729492
581.751221	-727.439880
593.715576	-718.952393
605.556946	-710.268738
617.272217	-701.390686
628.858154	-692.320007
640.311646	-683.058655
651.629517	-673.608459
662.808716	-663.971436
673.846069	-654.149597
684.738647	-644.145020
695.483398	-633.959839
706.077271	-623.596191
716.517456	-613.056335
726.800842	-602.342529
736.924744	-591.457153
746.886169	-580.402466
756.682312	-569.180908
766.310486	-557.794983
775.767883	-546.247192
785.051758	-534.540039
794.159546	-522.676147
803.088501	-510.658203
811.836060	-498.488831
820.399719	-486.170776
828.776978	-473.706818
836.965271	-461.099762
844.962219	-448.352478
852.765503	-435.467865
860.372742	-422.448822
867.781616	-409.298401
874.989807	-396.019501
881.995300	-382.615295
888.795837	-369.088837
895.389160	-355.443176
901.773438	-341.681580
907.946594	-327.807190
913.906616	-313.823273
919.651611	-299.733093
925.179626	-285.539948
930.488953	-271.247131
935.577881	-256.858063
940.444519	-242.376099
945.087341	-227.804703
949.504639	-213.147278
953.694946	-198.407379
957.656738	-183.588455
961.388550	-168.694077
964.888977	-153.727798
968.156738	-138.693222
971.190491	-123.593933
973.989075	-108.433601
976.551208	-93.215858
978.875854	-77.944405
980.962036	-62.622936
982.808655	-47.255173
984.414673	-31.844852
985.779419	-16.395742
986.901978	-0.911614
