0.002909	0.998866
0.006760	0.994032
0.010591	0.985354
0.014381	0.972864
0.018116	0.956611
0.021780	0.936657
0.025361	0.913079
0.028843	0.885968
0.032214	0.855430
0.035460	0.821582
0.038569	0.784556
0.041528	0.744494
0.044328	0.701552
0.046955	0.655896
0.049401	0.607703
0.051656	0.557158
0.053711	0.504458
0.055558	0.449806
0.057190	0.393414
0.058601	0.335500
0.059785	0.276288
0.060738	0.216007
0.061456	0.154891
0.061936	0.093175
0.062177	0.031098
0.062177	-0.031098
0.061936	-0.093175
0.061456	-0.154891
0.060738	-0.216007
0.059785	-0.276288
0.058601	-0.335500
0.057190	-0.393414
0.055558	-0.449806
0.053711	-0.504458
0.051656	-0.557158
0.049401	-0.607703
0.046955	-0.655896
0.044328	-0.701552
0.041528	-0.744494
0.038569	-0.784556
0.035460	-0.821582
0.032214	-0.855430
0.028843	-0.885968
0.025361	-0.913079
0.021780	-0.936657
0.018116	-0.956611
0.014381	-0.972864
0.010591	-0.985354
0.006760	-0.994032
0.002909	-0.998866
