0.000007	0.999997
0.000017	0.999985
0.000027	0.999963
0.000037	0.999931
0.000047	0.999889
0.000057	0.999837
0.000067	0.999775
0.000076	0.999704
0.000086	0.999622
0.000096	0.999531
0.000106	0.999430
0.000116	0.999319
0.000126	0.999199
0.000136	0.999068
0.000145	0.998928
0.000155	0.998777
0.000165	0.998617
0.000175	0.998447
0.000185	0.998267
0.000195	0.998078
0.000204	0.997878
0.000214	0.997669
0.000224	0.997449
0.000234	0.997220
0.000244	0.996982
0.000254	0.996733
0.000263	0.996474
0.000273	0.996206
0.000283	0.995928
0.000293	0.995640
0.000303	0.995342
0.000313	0.995034
0.000322	0.994717
0.000332	0.994390
0.000342	0.994053
0.000352	0.993706
0.000362	0.993349
0.000371	0.992983
0.000381	0.992606
0.000391	0.992220
0.000401	0.991825
0.000410	0.991419
0.000420	0.991004
0.000430	0.990579
0.000440	0.990144
0.000450	0.989699
0.000459	0.989245
0.000469	0.988781
0.000479	0.988307
0.000489	0.987823
0.000498	0.987330
0.000508	0.986826
0.000518	0.986314
0.000527	0.985791
0.000537	0.985259
0.000547	0.984717
0.000557	0.984165
0.000566	0.983603
0.000576	0.983032
0.000586	0.982451
0.000595	0.981861
0.000605	0.981261
0.000615	0.980651
0.000624	0.980031
0.000634	0.979402
0.000644	0.978763
0.000653	0.978115
0.000663	0.977457
0.000673	0.976789
0.000682	0.976111
0.000692	0.975424
0.000701	0.974728
0.000711	0.974021
0.000721	0.973306
0.000730	0.972580
0.000740	0.971845
0.000749	0.971100
0.000759	0.970346
0.000769	0.969582
0.000778	0.968809
0.000788	0.968026
0.000797	0.967234
0.000807	0.966432
0.000816	0.965620
0.000826	0.964799
0.000835	0.963969
0.000845	0.963129
0.000854	0.962279
0.000864	0.961420
0.000873	0.960552
0.000883	0.959674
0.000892	0.958786
0.000902	0.957889
0.000911	0.956983
0.000920	0.956067
0.000930	0.955142
0.000939	0.954207
0.000949	0.953263
0.000958	0.952310
0.000968	0.951347
0.000977	0.950375
0.000986	0.949393
0.000996	0.948402
0.001005	0.947402
0.001014	0.946392
0.001024	0.945374
0.001033	0.944345
0.001042	0.943308
0.001052	0.942261
0.001061	0.941205
0.001070	0.940139
0.001079	0.939064
0.001089	0.937980
0.001098	0.936887
0.001107	0.935785
0.001116	0.934673
0.001126	0.933552
0.001135	0.932422
0.001144	0.931283
0.001153	0.930134
0.001162	0.928977
0.001171	0.927810
0.001181	0.926634
0.001190	0.925449
0.001199	0.924254
0.001208	0.923051
0.001217	0.921839
0.001226	0.920617
0.001235	0.919387
0.001244	0.918147
0.001253	0.916898
0.001262	0.915640
0.001271	0.914374
0.001280	0.913098
0.001289	0.911813
0.001298	0.910519
0.001307	0.909216
0.001316	0.907905
0.001325	0.906584
0.001334	0.905254
0.001343	0.903916
0.001352	0.902568
0.001361	0.901212
0.001370	0.899847
0.001379	0.898473
0.001387	0.897090
0.001396	0.895698
0.001405	0.894297
0.001414	0.892888
0.001423	0.891469
0.001431	0.890042
0.001440	0.888606
0.001449	0.887162
0.001458	0.885708
0.001466	0.884246
0.001475	0.882775
0.001484	0.881296
0.001493	0.879808
0.001501	0.878311
0.001510	0.876805
0.001519	0.875291
0.001527	0.873768
0.001536	0.872237
0.001544	0.870697
0.001553	0.869148
0.001561	0.867591
0.001570	0.866025
0.001579	0.864451
0.001587	0.862868
0.001596	0.861277
0.001604	0.859677
0.001613	0.858069
0.001621	0.856452
0.001629	0.854827
0.001638	0.853193
0.001646	0.851551
0.001655	0.849901
0.001663	0.848242
0.001671	0.846575
0.001680	0.844899
0.001688	0.843216
0.001696	0.841523
0.001705	0.839823
0.001713	0.838114
0.001721	0.836397
0.001729	0.834672
0.001738	0.832939
0.001746	0.831197
0.001754	0.829447
0.001762	0.827689
0.001770	0.825923
0.001778	0.824148
0.001787	0.822366
0.001795	0.820575
0.001803	0.818777
0.001811	0.816970
0.001819	0.815155
0.001827	0.813332
0.001835	0.811501
0.001843	0.809662
0.001851	0.807816
0.001859	0.805961
0.001867	0.804098
0.001875	0.802227
0.001883	0.800349
0.001890	0.798462
0.001898	0.796568
0.001906	0.794666
0.001914	0.792756
0.001922	0.790838
0.001930	0.788912
0.001937	0.786979
0.001945	0.785037
0.001953	0.783088
0.001961	0.781132
0.001968	0.779167
0.001976	0.777195
0.001984	0.775216
0.001991	0.773228
0.001999	0.771233
0.002006	0.769231
0.002014	0.767220
0.002022	0.765203
0.002029	0.763177
0.002037	0.761145
0.002044	0.759104
0.002052	0.757057
0.002059	0.755001
0.002066	0.752939
0.002074	0.750868
0.002081	0.748791
0.002089	0.746706
0.002096	0.744614
0.002103	0.742514
0.002111	0.740407
0.002118	0.738293
0.002125	0.736171
0.002132	0.734043
0.002140	0.731907
0.002147	0.729763
0.002154	0.727613
0.002161	0.725455
0.002168	0.723291
0.002175	0.721119
0.002183	0.718940
0.002190	0.716754
0.002197	0.714560
0.002204	0.712360
0.002211	0.710153
0.002218	0.707939
0.002225	0.705718
0.002232	0.703489
0.002239	0.701254
0.002245	0.699012
0.002252	0.696763
0.002259	0.694508
0.002266	0.692245
0.002273	0.689976
0.002280	0.687699
0.002286	0.685416
0.002293	0.683127
0.002300	0.680830
0.002307	0.678527
0.002313	0.676217
0.002320	0.673900
0.002327	0.671577
0.002333	0.669247
0.002340	0.666911
0.002346	0.664568
0.002353	0.662218
0.002359	0.659862
0.002366	0.657499
0.002372	0.655130
0.002379	0.652755
0.002385	0.650373
0.002392	0.647984
0.002398	0.645590
0.002404	0.643188
0.002411	0.640781
0.002417	0.638367
0.002423	0.635947
0.002430	0.633521
0.002436	0.631088
0.002442	0.628649
0.002448	0.626204
0.002454	0.623753
0.002460	0.621295
0.002467	0.618832
0.002473	0.616362
0.002479	0.613887
0.002485	0.611405
0.002491	0.608917
0.002497	0.606423
0.002503	0.603924
0.002509	0.601418
0.002515	0.598906
0.002520	0.596389
0.002526	0.593865
0.002532	0.591336
0.002538	0.588801
0.002544	0.586260
0.002550	0.583713
0.002555	0.581161
0.002561	0.578603
0.002567	0.576039
0.002572	0.573469
0.002578	0.570894
0.002584	0.568313
0.002589	0.565727
0.002595	0.563135
0.002600	0.560537
0.002606	0.557934
0.002611	0.555325
0.002617	0.552711
0.002622	0.550092
0.002628	0.547467
0.002633	0.544836
0.002638	0.542201
0.002644	0.539560
0.002649	0.536913
0.002654	0.534262
0.002660	0.531605
0.002665	0.528942
0.002670	0.526275
0.002675	0.523602
0.002680	0.520925
0.002685	0.518242
0.002691	0.515554
0.002696	0.512861
0.002701	0.510163
0.002706	0.507459
0.002711	0.504751
0.002716	0.502038
0.002721	0.499320
0.002725	0.496597
0.002730	0.493869
0.002735	0.491136
0.002740	0.488399
0.002745	0.485656
0.002750	0.482909
0.002754	0.480157
0.002759	0.477400
0.002764	0.474639
0.002768	0.471873
0.002773	0.469102
0.002778	0.466326
0.002782	0.463546
0.002787	0.460762
0.002791	0.457973
0.002796	0.455179
0.002800	0.452381
0.002805	0.449578
0.002809	0.446771
0.002814	0.443960
0.002818	0.441144
0.002822	0.438324
0.002827	0.435500
0.002831	0.432671
0.002835	0.429838
0.002839	0.427001
0.002844	0.424159
0.002848	0.421313
0.002852	0.418464
0.002856	0.415610
0.002860	0.412752
0.002864	0.409890
0.002868	0.407023
0.002872	0.404153
0.002876	0.401279
0.002880	0.398401
0.002884	0.395519
0.002888	0.392633
0.002892	0.389743
0.002896	0.386850
0.002899	0.383952
0.002903	0.381051
0.002907	0.378146
0.002911	0.375237
0.002914	0.372325
0.002918	0.369409
0.002922	0.366489
0.002925	0.363566
0.002929	0.360639
0.002932	0.357708
0.002936	0.354774
0.002939	0.351837
0.002943	0.348896
0.002946	0.345951
0.002950	0.343003
0.002953	0.340052
0.002956	0.337098
0.002960	0.334140
0.002963	0.331179
0.002966	0.328214
0.002969	0.325246
0.002972	0.322276
0.002976	0.319301
0.002979	0.316324
0.002982	0.313344
0.002985	0.310360
0.002988	0.307374
0.002991	0.304384
0.002994	0.301392
0.002997	0.298396
0.003000	0.295398
0.003003	0.292397
0.003006	0.289392
0.003009	0.286385
0.003011	0.283375
0.003014	0.280363
0.003017	0.277347
0.003020	0.274329
0.003022	0.271308
0.003025	0.268285
0.003028	0.265258
0.003030	0.262230
0.003033	0.259198
0.003035	0.256164
0.003038	0.253128
0.003040	0.250089
0.003043	0.247047
0.003045	0.244003
0.003048	0.240957
0.003050	0.237908
0.003052	0.234857
0.003054	0.231804
0.003057	0.228748
0.003059	0.225690
0.003061	0.222630
0.003063	0.219568
0.003066	0.216503
0.003068	0.213437
0.003070	0.210368
0.003072	0.207297
0.003074	0.204225
0.003076	0.201150
0.003078	0.198073
0.003080	0.194994
0.003082	0.191913
0.003084	0.188831
0.003085	0.185746
0.003087	0.182660
0.003089	0.179572
0.003091	0.176482
0.003092	0.173390
0.003094	0.170297
0.003096	0.167202
0.003097	0.164106
0.003099	0.161007
0.003101	0.157907
0.003102	0.154806
0.003104	0.151703
0.003105	0.148599
0.003107	0.145493
0.003108	0.142385
0.003109	0.139277
0.003111	0.136167
0.003112	0.133055
0.003113	0.129942
0.003115	0.126828
0.003116	0.123713
0.003117	0.120597
0.003118	0.117479
0.003119	0.114360
0.003121	0.111240
0.003122	0.108119
0.003123	0.104997
0.003124	0.101874
0.003125	0.098750
0.003126	0.095624
0.003127	0.092498
0.003127	0.089371
0.003128	0.086243
0.003129	0.083115
0.003130	0.079985
0.003131	0.076855
0.003131	0.073724
0.003132	0.070592
0.003133	0.067459
0.003134	0.064326
0.003134	0.061192
0.003135	0.058058
0.003135	0.054923
0.003136	0.051787
0.003136	0.048651
0.003137	0.045515
0.003137	0.042378
0.003138	0.039240
0.003138	0.036102
0.003138	0.032964
0.003139	0.029826
0.003139	0.026687
0.003139	0.023548
0.003139	0.020409
0.003140	0.017269
0.003140	0.014130
0.003140	0.010990
0.003140	0.007850
0.003140	0.004710
0.003140	0.001570
0.003140	-0.001570
0.003140	-0.004710
0.003140	-0.007850
0.003140	-0.010990
0.003140	-0.014130
0.003140	-0.017269
0.003139	-0.020409
0.003139	-0.023548
0.003139	-0.026687
0.003139	-0.029826
0.003138	-0.032964
0.003138	-0.036102
0.003138	-0.039240
0.003137	-0.042378
0.003137	-0.045515
0.003136	-0.048651
0.003136	-0.051787
0.003135	-0.054923
0.003135	-0.058058
0.003134	-0.061192
0.003134	-0.064326
0.003133	-0.067459
0.003132	-0.070592
0.003131	-0.073724
0.003131	-0.076855
0.003130	-0.079985
0.003129	-0.083115
0.003128	-0.086243
0.003127	-0.089371
0.003127	-0.092498
0.003126	-0.095624
0.003125	-0.098750
0.003124	-0.101874
0.003123	-0.104997
0.003122	-0.108119
0.003121	-0.111240
0.003119	-0.114360
0.003118	-0.117479
0.003117	-0.120597
0.003116	-0.123713
0.003115	-0.126828
0.003113	-0.129942
0.003112	-0.133055
0.003111	-0.136167
0.003109	-0.139277
0.003108	-0.142385
0.003107	-0.145493
0.003105	-0.148599
0.003104	-0.151703
0.003102	-0.154806
0.003101	-0.157907
0.003099	-0.161007
0.003097	-0.164106
0.003096	-0.167202
0.003094	-0.170297
0.003092	-0.173390
0.003091	-0.176482
0.003089	-0.179572
0.003087	-0.182660
0.003085	-0.185746
0.003084	-0.188831
0.003082	-0.191913
0.003080	-0.194994
0.003078	-0.198073
0.003076	-0.201150
0.003074	-0.204225
0.003072	-0.207297
0.003070	-0.210368
0.003068	-0.213437
0.003066	-0.216503
0.003063	-0.219568
0.003061	-0.222630
0.003059	-0.225690
0.003057	-0.228748
0.003054	-0.231804
0.003052	-0.234857
0.003050	-0.237908
0.003048	-0.240957
0.003045	-0.244003
0.003043	-0.247047
0.003040	-0.250089
0.003038	-0.253128
0.003035	-0.256164
0.003033	-0.259198
0.003030	-0.262230
0.003028	-0.265258
0.003025	-0.268285
0.003022	-0.271308
0.003020	-0.274329
0.003017	-0.277347
0.003014	-0.280363
0.003011	-0.283375
0.003009	-0.286385
0.003006	-0.289392
0.003003	-0.292397
0.003000	-0.295398
0.002997	-0.298396
0.002994	-0.301392
0.002991	-0.304384
0.002988	-0.307374
0.002985	-0.310360
0.002982	-0.313344
0.002979	-0.316324
0.002976	-0.319301
0.002972	-0.322276
0.002969	-0.325246
0.002966	-0.328214
0.002963	-0.331179
0.002960	-0.334140
0.002956	-0.337098
0.002953	-0.340052
0.002950	-0.343003
0.002946	-0.345951
0.002943	-0.348896
0.002939	-0.351837
0.002936	-0.354774
0.002932	-0.357708
0.002929	-0.360639
0.002925	-0.363566
0.002922	-0.366489
0.002918	-0.369409
0.002914	-0.372325
0.002911	-0.375237
0.002907	-0.378146
0.002903	-0.381051
0.002899	-0.383952
0.002896	-0.386850
0.002892	-0.389743
0.002888	-0.392633
0.002884	-0.395519
0.002880	-0.398401
0.002876	-0.401279
0.002872	-0.404153
0.002868	-0.407023
0.002864	-0.409890
0.002860	-0.412752
0.002856	-0.415610
0.002852	-0.418464
0.002848	-0.421313
0.002844	-0.424159
0.002839	-0.427001
0.002835	-0.429838
0.002831	-0.432671
0.002827	-0.435500
0.002822	-0.438324
0.002818	-0.441144
0.002814	-0.443960
0.002809	-0.446771
0.002805	-0.449578
0.002800	-0.452381
0.002796	-0.455179
0.002791	-0.457973
0.002787	-0.460762
0.002782	-0.463546
0.002778	-0.466326
0.002773	-0.469102
0.002768	-0.471873
0.002764	-0.474639
0.002759	-0.477400
0.002754	-0.480157
0.002750	-0.482909
0.002745	-0.485656
0.002740	-0.488399
0.002735	-0.491136
0.002730	-0.493869
0.002725	-0.496597
0.002721	-0.499320
0.002716	-0.502038
0.002711	-0.504751
0.002706	-0.507459
0.002701	-0.510163
0.002696	-0.512861
0.002691	-0.515554
0.002685	-0.518242
0.002680	-0.520925
0.002675	-0.523602
0.002670	-0.526275
0.002665	-0.528942
0.002660	-0.531605
0.002654	-0.534262
0.002649	-0.536913
0.002644	-0.539560
0.002638	-0.542201
0.002633	-0.544836
0.002628	-0.547467
0.002622	-0.550092
0.002617	-0.552711
0.002611	-0.555325
0.002606	-0.557934
0.002600	-0.560537
0.002595	-0.563135
0.002589	-0.565727
0.002584	-0.568313
0.002578	-0.570894
0.002572	-0.573469
0.002567	-0.576039
0.002561	-0.578603
0.002555	-0.581161
0.002550	-0.583713
0.002544	-0.586260
0.002538	-0.588801
0.002532	-0.591336
0.002526	-0.593865
0.002520	-0.596389
0.002515	-0.598906
0.002509	-0.601418
0.002503	-0.603924
0.002497	-0.606423
0.002491	-0.608917
0.002485	-0.611405
0.002479	-0.613887
0.002473	-0.616362
0.002467	-0.618832
0.002460	-0.621295
0.002454	-0.623753
0.002448	-0.626204
0.002442	-0.628649
0.002436	-0.631088
0.002430	-0.633521
0.002423	-0.635947
0.002417	-0.638367
0.002411	-0.640781
0.002404	-0.643188
0.002398	-0.645590
0.002392	-0.647984
0.002385	-0.650373
0.002379	-0.652755
0.002372	-0.655130
0.002366	-0.657499
0.002359	-0.659862
0.002353	-0.662218
0.002346	-0.664568
0.002340	-0.666911
0.002333	-0.669247
0.002327	-0.671577
0.002320	-0.673900
0.002313	-0.676217
0.002307	-0.678527
0.002300	-0.680830
0.002293	-0.683127
0.002286	-0.685416
0.002280	-0.687699
0.002273	-0.689976
0.002266	-0.692245
0.002259	-0.694508
0.002252	-0.696763
0.002245	-0.699012
0.002239	-0.701254
0.002232	-0.703489
0.002225	-0.705718
0.002218	-0.707939
0.002211	-0.710153
0.002204	-0.712360
0.002197	-0.714560
0.002190	-0.716754
0.002183	-0.718940
0.002175	-0.721119
0.002168	-0.723291
0.002161	-0.725455
0.002154	-0.727613
0.002147	-0.729763
0.002140	-0.731907
0.002132	-0.734043
0.002125	-0.736171
0.002118	-0.738293
0.002111	-0.740407
0.002103	-0.742514
0.002096	-0.744614
0.002089	-0.746706
0.002081	-0.748791
0.002074	-0.750868
0.002066	-0.752939
0.002059	-0.755001
0.002052	-0.757057
0.002044	-0.759104
0.002037	-0.761145
0.002029	-0.763177
0.002022	-0.765203
0.002014	-0.767220
0.002006	-0.769231
0.001999	-0.771233
0.001991	-0.773228
0.001984	-0.775216
0.001976	-0.777195
0.001968	-0.779167
0.001961	-0.781132
0.001953	-0.783088
0.001945	-0.785037
0.001937	-0.786979
0.001930	-0.788912
0.001922	-0.790838
0.001914	-0.792756
0.001906	-0.794666
0.001898	-0.796568
0.001890	-0.798462
0.001883	-0.800349
0.001875	-0.802227
0.001867	-0.804098
0.001859	-0.805961
0.001851	-0.807816
0.001843	-0.809662
0.001835	-0.811501
0.001827	-0.813332
0.001819	-0.815155
0.001811	-0.816970
0.001803	-0.818777
0.001795	-0.820575
0.001787	-0.822366
0.001778	-0.824148
0.001770	-0.825923
0.001762	-0.827689
0.001754	-0.829447
0.001746	-0.831197
0.001738	-0.832939
0.001729	-0.834672
0.001721	-0.836397
0.001713	-0.838114
0.001705	-0.839823
0.001696	-0.841523
0.001688	-0.843216
0.001680	-0.844899
0.001671	-0.846575
0.001663	-0.848242
0.001655	-0.849901
0.001646	-0.851551
0.001638	-0.853193
0.001629	-0.854827
0.001621	-0.856452
0.001613	-0.858069
0.001604	-0.859677
0.001596	-0.861277
0.001587	-0.862868
0.001579	-0.864451
0.001570	-0.866025
0.001561	-0.867591
0.001553	-0.869148
0.001544	-0.870697
0.001536	-0.872237
0.001527	-0.873768
0.001519	-0.875291
0.001510	-0.876805
0.001501	-0.878311
0.001493	-0.879808
0.001484	-0.881296
0.001475	-0.882775
0.001466	-0.884246
0.001458	-0.885708
0.001449	-0.887162
0.001440	-0.888606
0.001431	-0.890042
0.001423	-0.891469
0.001414	-0.892888
0.001405	-0.894297
0.001396	-0.895698
0.001387	-0.897090
0.001379	-0.898473
0.001370	-0.899847
0.001361	-0.901212
0.001352	-0.902568
0.001343	-0.903916
0.001334	-0.905254
0.001325	-0.906584
0.001316	-0.907905
0.001307	-0.909216
0.001298	-0.910519
0.001289	-0.911813
0.001280	-0.913098
0.001271	-0.914374
0.001262	-0.915640
0.001253	-0.916898
0.001244	-0.918147
0.001235	-0.919387
0.001226	-0.920617
0.001217	-0.921839
0.001208	-0.923051
0.001199	-0.924254
0.001190	-0.925449
0.001181	-0.926634
0.001171	-0.927810
0.001162	-0.928977
0.001153	-0.930134
0.001144	-0.931283
0.001135	-0.932422
0.001126	-0.933552
0.001116	-0.934673
0.001107	-0.935785
0.001098	-0.936887
0.001089	-0.937980
0.001079	-0.939064
0.001070	-0.940139
0.001061	-0.941205
0.001052	-0.942261
0.001042	-0.943308
0.001033	-0.944345
0.001024	-0.945374
0.001014	-0.946392
0.001005	-0.947402
0.000996	-0.948402
0.000986	-0.949393
0.000977	-0.950375
0.000968	-0.951347
0.000958	-0.952310
0.000949	-0.953263
0.000939	-0.954207
0.000930	-0.955142
0.000920	-0.956067
0.000911	-0.956983
0.000902	-0.957889
0.000892	-0.958786
0.000883	-0.959674
0.000873	-0.960552
0.000864	-0.961420
0.000854	-0.962279
0.000845	-0.963129
0.000835	-0.963969
0.000826	-0.964799
0.000816	-0.965620
0.000807	-0.966432
0.000797	-0.967234
0.000788	-0.968026
0.000778	-0.968809
0.000769	-0.969582
0.000759	-0.970346
0.000749	-0.971100
0.000740	-0.971845
0.000730	-0.972580
0.000721	-0.973306
0.000711	-0.974021
0.000701	-0.974728
0.000692	-0.975424
0.000682	-0.976111
0.000673	-0.976789
0.000663	-0.977457
0.000653	-0.978115
0.000644	-0.978763
0.000634	-0.979402
0.000624	-0.980031
0.000615	-0.980651
0.000605	-0.981261
0.000595	-0.981861
0.000586	-0.982451
0.000576	-0.983032
0.000566	-0.983603
0.000557	-0.984165
0.000547	-0.984717
0.000537	-0.985259
0.000527	-0.985791
0.000518	-0.986314
0.000508	-0.986826
0.000498	-0.987330
0.000489	-0.987823
0.000479	-0.988307
0.000469	-0.988781
0.000459	-0.989245
0.000450	-0.989699
0.000440	-0.990144
0.000430	-0.990579
0.000420	-0.991004
0.000410	-0.991419
0.000401	-0.991825
0.000391	-0.992220
0.000381	-0.992606
0.000371	-0.992983
0.000362	-0.993349
0.000352	-0.993706
0.000342	-0.994053
0.000332	-0.994390
0.000322	-0.994717
0.000313	-0.995034
0.000303	-0.995342
0.000293	-0.995640
0.000283	-0.995928
0.000273	-0.996206
0.000263	-0.996474
0.000254	-0.996733
0.000244	-0.996982
0.000234	-0.997220
0.000224	-0.997449
0.000214	-0.997669
0.000204	-0.997878
0.000195	-0.998078
0.000185	-0.998267
0.000175	-0.998447
0.000165	-0.998617
0.000155	-0.998777
0.000145	-0.998928
0.000136	-0.999068
0.000126	-0.999199
0.000116	-0.999319
0.000106	-0.999430
0.000096	-0.999531
0.000086	-0.999622
0.000076	-0.999704
0.000067	-0.999775
0.000057	-0.999837
0.000047	-0.999889
0.000037	-0.999931
0.000027	-0.999963
0.000017	-0.999985
0.000007	-0.999997
